,iso3,year,sector_GMatrix,g_primaryagr,g_otherprim,g_energy,g_procfoods,g_bevtobacco,g_textiles,g_clothing,g_leather,g_lumber,g_paperpub,g_chemicals,g_nonmetmin,g_metals,g_fabmetals,g_transpequip,g_machinery,g_othermanuf,g_water,g_construction,g_distribution,g_transport,g_communcation,g_finance,g_insurance,g_obsict,g_oconsumer,g_oservices,sector_HMatrix,h_primaryagr,h_otherprim,h_energy,h_procfoods,h_bevtobacco,h_textiles,h_clothing,h_leather,h_lumber,h_paperpub,h_chemicals,h_nonmetmin,h_metals,h_fabmetals,h_transpequip,h_machinery,h_othermanuf,h_water,h_construction,h_distribution,h_transport,h_communcation,h_finance,h_insurance,h_obsict,h_oconsumer,h_oservices,DomVAshare,GXshare,DXshare,VXsharefwd,VXsharebwd
56,aus,1997,energy,264.191,327.362,8225.62,653.675,169.845,79.9815,54.1295,22.0584,132.103,76.7471,327.849,26.0366,1259.85,48.4486,353.574,279.298,35.861,13.2704,946.133,1062.98,1254.98,53.9235,21.9511,4.8485,129.756,330.581,1613.11,energy,198.743,279.726,6170.33,196.229,23.9692,44.5139,4.7328,10.5233,22.7315,18.6559,159.759,28.4299,1379.62,24.9713,87.9024,128.019,24.4964,0.2994,1.599,36.5712,493.864,10.7957,2.9745,0.9771,32.4282,29.4061,26.655,0.539577,0.119977,0.14837,0.154672,0.118819
63,aus,1997,paperpub,79.4958,42.9939,27.4799,424.111,231.736,40.7066,44.1635,19.0207,50.3748,1350.28,115.008,6.2434,54.3831,12.4916,129.965,105.003,12.3903,1.758,382.886,1607.45,145.298,35.2348,36.1043,8.049,133.145,360.428,1259.51,paperpub,59.8024,36.7377,20.6136,127.316,32.7035,22.6554,3.8615,9.0741,8.6682,328.23,56.0428,6.8173,59.5533,6.4384,32.3108,48.1293,8.4638,0.0397,0.6471,55.3033,57.1781,7.0541,4.8923,1.6222,33.2751,32.0611,20.812,0.443397,0.008863,0.009007,0.017702,0.008489
73,aus,1997,distribution,560.138,330.4,166.119,1369.8,368.001,180.523,137.036,58.3354,273.55,126.872,276.68,16.0012,371.409,54.2472,758.197,591.532,71.7482,9.0341,2275.38,37329.8,995.679,200.313,74.4967,15.2691,182.123,848.138,2538.88,distribution,421.376,282.322,124.612,411.205,51.9338,100.47,11.9818,27.8297,47.0707,30.8403,134.825,17.4721,406.718,27.96,188.496,271.135,49.0107,0.2038,3.8455,1284.3,391.822,40.1033,10.0947,3.0773,45.5156,75.4443,41.9523,0.535071,0.030699,0.037647,0.073766,0.032738
74,aus,1997,transport,332.443,165.473,160.857,1024.91,230.62,79.194,60.7753,24.0085,176.499,61.375,140.238,35.5508,321.339,30.3433,216.17,188.207,29.5527,4.532,1442.36,1376.92,11486.9,116.576,33.869,7.0343,127.133,416.269,1533.08,transport,250.087,141.394,120.664,307.673,32.546,44.0757,5.3139,11.4535,30.3708,14.9192,68.3376,38.8187,351.888,15.6395,53.7422,86.2665,20.1872,0.1022,2.4376,47.3721,4520.36,23.3389,4.5894,1.4177,31.7726,37.0283,25.3325,0.549832,0.108277,0.136446,0.103025,0.110582
75,aus,1997,communcation,135.508,107.799,53.3749,303.678,80.9501,44.4398,39.9272,13.8086,53.6954,41.6734,99.6826,5.9561,106.1,16.4875,142.813,107.124,14.9282,3.7281,561.956,1606.08,324.313,3633.2,68.3071,15.1897,279.072,507.026,1729.51,communcation,101.938,92.1129,40.0384,91.1622,11.424,24.7331,3.4911,6.5876,9.2396,10.1301,48.5749,6.5036,116.186,8.498,35.5049,49.1013,10.1973,0.0841,0.9497,55.256,127.625,727.378,9.256,3.0613,69.7445,45.1014,28.5783,0.668474,0.013963,0.021392,0.028389,0.014834
76,aus,1997,finance,234.107,182.793,146.953,614.294,199.718,67.2836,63.3243,20.7833,95.5479,73.2942,135.457,9.4712,258.049,27.4614,278.918,196.524,29.5364,15.9366,1243.95,1855.78,390.99,82.8817,3102.26,587.423,338.517,452.249,7965.56,finance,176.112,156.194,110.235,184.407,28.185,37.4469,5.5368,9.9149,16.4413,17.8166,66.0078,10.3417,282.582,14.1541,69.3419,90.0789,20.1761,0.3595,2.1023,63.8467,153.863,16.5932,420.374,118.387,84.6009,40.2288,131.622,0.691019,0.007162,0.011344,0.038131,0.008114
77,aus,1997,insurance,102.256,13.0391,6.3998,143.925,29.0083,8.6493,4.948,2.0643,8.1536,3.1465,8.1728,1.2876,15.2154,1.6043,14.7187,11.4952,1.7604,0.4001,97.3292,365.031,62.0887,6.1579,15.5723,3843.82,15.1786,96.298,285.465,insurance,76.9239,11.1417,4.8008,43.2054,4.0938,4.8138,0.4326,0.9848,1.403,0.7649,3.9826,1.4059,16.6619,0.8269,3.6592,5.2689,1.2025,0.009,0.1645,12.5586,24.4333,1.2328,2.1101,774.671,3.7934,8.566,4.717,0.836494,0.01287,0.024674,0.016613,0.015032
78,aus,1997,obsict,438.207,533.539,332.663,1327.66,346.15,173.184,138.159,45.7004,207.973,141.526,362.796,25.1756,718.49,66.4341,746.949,429.897,69.7288,12.3522,3871.46,8183.38,1386.01,135.86,216.801,49.9896,5067.97,1758.77,5926.8,obsict,329.651,455.902,249.543,398.556,48.8502,96.3858,12.08,21.8019,35.7867,34.4025,176.789,27.4897,786.796,34.2413,185.7,197.048,47.6313,0.2786,6.5429,281.543,545.427,27.1997,29.3778,10.0747,1266.57,156.448,97.9341,0.57564,0.025522,0.033671,0.09111,0.027703
79,aus,1997,oconsumer,40.1397,39.0379,29.4696,163.247,66.0273,18.6612,23.8511,9.1336,32.2479,43.0062,75.5478,3.3331,44.0087,10.2038,99.3324,67.3743,8.0965,1.4256,261.994,792.135,99.6636,16.3111,29.1748,6.3493,145.736,10826.1,690.182,oconsumer,30.196,33.3573,22.1062,49.0058,9.318,10.3859,2.0854,4.3573,5.549,10.4541,36.8141,3.6394,48.1926,5.2592,24.6951,30.8817,5.5307,0.0322,0.4428,27.2528,39.2199,3.2655,3.9533,1.2796,36.4218,963.012,11.4045,0.529182,0.023767,0.028826,0.023238,0.02452
80,aus,1997,oservices,68.7933,30.7671,22.9977,185.211,57.0734,14.2048,21.6749,10.1065,27.2733,49.6183,55.9681,1.9493,43.1212,6.0936,86.0518,36.8706,5.4278,2.8545,244.721,449.223,85.5825,41.4889,13.4806,3.5522,60.4736,162.729,84543.7,oservices,51.7513,26.29,17.2514,55.5992,8.0544,7.9057,1.8952,4.8214,4.693,12.0614,27.273,2.1285,47.2206,3.1407,21.3934,16.9,3.7077,0.0644,0.4136,15.4552,33.6786,8.3062,1.8267,0.7159,15.1133,14.4752,1397.0,0.65857,0.028298,0.042713,0.029482,0.031178
1838,aus,2001,energy,330.378,480.187,8464.8,746.762,151.21,60.6108,49.9948,20.0136,33.0827,99.9302,358.728,75.087,1904.13,63.0289,316.111,313.163,93.7604,68.5623,962.486,1299.75,1646.75,88.3282,51.6213,21.146,175.503,247.385,1236.75,energy,213.948,361.725,6511.7,290.859,43.4255,16.809,5.054,11.3474,30.8304,24.3996,175.043,74.0513,1919.58,25.3297,122.318,178.094,25.9992,2.0272,1.6183,45.4459,584.39,13.2204,4.2223,2.9597,35.2839,26.2596,16.8176,0.499925,0.132192,0.162088,0.174104,0.134246
1845,aus,2001,paperpub,84.2583,46.4821,43.742,343.165,115.226,16.5426,36.6099,10.1858,6.8073,1315.04,104.324,7.078,60.7585,10.9193,65.009,75.5018,28.196,11.6297,231.097,1385.49,148.42,66.2253,62.004,24.477,184.582,176.65,952.455,paperpub,54.5645,35.015,33.6493,133.661,33.0914,4.5877,3.7009,5.7752,6.3438,321.088,50.9057,6.9804,61.2515,4.3882,25.1549,42.9373,7.8186,0.3439,0.3886,48.444,52.6704,9.9122,5.0716,3.4259,37.1091,18.7512,12.9517,0.421619,0.008988,0.009294,0.0165,0.00874
1846,aus,2001,chemicals,262.143,72.6773,84.1667,397.721,106.835,24.7353,17.8006,17.3726,11.1409,52.4362,2567.07,7.8121,125.745,14.24,153.013,139.355,62.902,23.8249,297.077,357.343,121.604,26.7763,10.7429,4.297,53.4149,134.696,422.224,chemicals,169.76,54.7479,64.7468,154.91,30.6816,6.8598,1.7995,9.85,10.3824,12.8032,1252.62,7.7044,126.766,5.7227,59.2075,79.2502,17.4423,0.7044,0.4995,12.4946,43.154,4.0077,0.8787,0.6014,10.7388,14.2979,5.7415,0.307926,0.044664,0.033732,0.034915,0.038948
1851,aus,2001,machinery,34.345,99.2771,81.8201,79.5249,19.3358,5.1923,5.8258,1.5203,3.6032,10.4369,24.1622,3.221,60.8264,9.2867,101.013,2962.49,13.1494,9.262,539.736,319.247,79.3884,61.2927,10.2792,5.3914,43.9862,96.2751,347.091,machinery,22.2413,74.7855,62.9416,30.9745,5.553,1.44,0.5889,0.862,3.3578,2.5483,11.7901,3.1766,61.32,3.7321,39.0865,1684.75,3.6463,0.2739,0.9075,11.1626,28.1729,9.1739,0.8408,0.7546,8.8432,10.2195,4.7198,0.327554,0.063322,0.050872,0.033774,0.051269
1853,aus,2001,water,32.7311,15.0059,37.3117,49.1716,9.9917,3.1312,3.1921,1.0909,1.0234,5.9141,13.3158,1.1056,26.5713,1.8402,15.427,10.1608,3.9781,1421.03,62.822,190.755,33.9541,5.4786,8.9649,4.7533,96.9115,36.9216,494.797,water,21.1962,11.3039,28.7027,19.1521,2.8695,0.8684,0.3227,0.6185,0.9537,1.444,6.4975,1.0903,26.7869,0.7395,5.9694,5.7784,1.1031,42.0165,0.1056,6.6698,12.0495,0.82,0.7333,0.6653,19.4835,3.9192,6.7284,0.591543,0.000895,0.001298,0.003698,0.000946
1855,aus,2001,distribution,590.502,387.577,294.087,1522.13,288.335,124.076,119.452,45.1277,42.0168,154.92,373.83,27.3153,383.263,54.9052,349.815,476.655,198.904,77.7211,1467.69,30649.8,1041.54,251.223,146.499,39.1292,353.06,480.955,2370.37,distribution,382.401,291.962,226.232,592.863,82.8063,34.4095,12.0754,25.5868,39.1562,37.8263,182.413,26.9385,386.373,22.065,135.359,271.071,55.1548,2.298,2.4677,1071.68,369.615,37.6015,11.9829,5.4768,70.9807,51.0528,32.2329,0.460614,0.027885,0.031502,0.072149,0.029624
1856,aus,2001,transport,391.844,226.326,264.412,1278.23,192.016,46.3031,47.6428,19.5034,36.4077,95.9197,204.91,52.3287,427.333,36.4906,195.717,191.899,111.191,35.6799,1106.94,2111.68,8565.62,225.763,70.8466,25.179,286.562,328.488,1459.66,transport,253.753,170.492,203.404,497.863,55.1445,12.8411,4.8162,11.0582,33.929,23.4203,99.9869,51.6069,430.8,14.6647,75.7318,109.132,30.8326,1.055,1.8612,73.8353,3039.72,33.7908,5.7949,3.5242,57.6118,34.8687,19.8488,0.45326,0.082729,0.09197,0.086567,0.086186
1857,aus,2001,communcation,184.622,152.095,102.709,352.864,68.6625,28.2565,43.4458,11.0986,10.7188,59.2115,133.349,9.4684,140.141,17.4336,105.165,102.964,39.3401,28.332,377.141,1841.12,374.33,3015.61,119.719,76.5388,284.739,335.319,1499.3,communcation,119.558,114.573,79.0105,137.439,19.719,7.8363,4.392,6.2928,9.989,14.4575,65.0685,9.3378,141.279,7.0061,40.6931,58.5547,10.9088,0.8377,0.6341,64.3752,132.84,451.358,9.7924,10.7128,57.2452,35.5937,20.3879,0.600193,0.00985,0.0145,0.026366,0.010371
1858,aus,2001,finance,267.938,160.639,256.103,429.096,104.063,25.0739,35.5497,10.0263,11.1151,46.6151,121.556,10.4175,198.469,16.3297,121.812,98.3014,39.1972,98.2369,585.867,1513.51,330.134,67.7164,4049.93,424.639,327.362,223.889,2121.89,finance,173.513,121.01,197.012,167.131,29.8857,6.9537,3.5937,5.6848,10.3583,11.3818,59.314,10.2738,200.079,6.5625,47.1344,55.9033,10.8691,2.9046,0.985,52.9201,117.156,10.1354,331.263,59.4349,65.8144,23.7656,28.854,0.608673,0.00643,0.0096,0.029278,0.007314
1859,aus,2001,insurance,93.2771,70.2,75.9941,286.234,45.3825,10.996,11.1994,3.9362,5.2528,23.3822,45.5813,4.3542,75.5994,6.8458,58.1162,40.1509,16.0697,15.2948,247.275,756.046,127.009,25.5296,428.439,3586.87,124.244,125.384,619.565,insurance,60.4049,52.8817,58.4599,111.487,13.0333,3.0495,1.1322,2.2318,4.8951,5.7091,22.2417,4.2941,76.2128,2.7511,22.4878,22.8336,4.456,0.4522,0.4158,26.4353,45.0724,3.8211,35.044,502.04,24.9786,13.3094,8.425,0.684389,0.00875,0.014688,0.018256,0.010214
1860,aus,2001,obsict,544.925,496.592,487.59,1477.08,326.53,94.3795,150.358,48.2343,44.8661,206.455,530.577,39.82,758.759,72.3218,537.814,428.993,163.038,93.5301,2863.56,8434.79,1588.97,278.707,434.851,254.151,6592.72,1135.88,4963.49,obsict,352.886,374.083,375.087,575.314,93.7752,26.174,15.1997,27.3482,41.8116,50.4093,258.898,39.2708,764.916,29.0643,208.104,243.965,45.2093,2.7655,4.8146,294.924,563.887,41.7151,35.5685,35.5724,1325.43,120.572,67.4949,0.48138,0.027124,0.032024,0.09729,0.029125
1861,aus,2001,oconsumer,21.9108,21.2109,16.7836,65.1842,22.4962,4.9815,7.4196,1.9338,1.7261,13.4842,28.7528,1.5845,24.6212,2.8169,23.8894,19.8948,7.2919,4.3049,81.3804,451.896,56.4124,13.8685,25.2554,9.148,125.791,6666.87,418.272,oconsumer,14.1891,15.9782,12.9111,25.3889,6.4606,1.3815,0.7501,1.0964,1.6086,3.2924,14.0301,1.5626,24.821,1.1321,9.2439,11.314,2.022,0.1273,0.1368,15.8006,20.0193,2.0758,2.0658,1.2804,25.2895,707.682,5.6878,0.513286,0.017736,0.022328,0.015001,0.018335
1862,aus,2001,oservices,87.4561,98.484,190.858,241.249,49.4066,10.9384,27.5921,7.6102,7.726,47.0793,99.8941,6.4451,104.563,10.9279,82.499,58.8977,23.0324,19.6543,242.136,612.685,234.697,47.5314,43.9876,16.122,141.411,108.537,90124.1,oservices,56.6354,74.1881,146.821,93.965,14.1889,3.0335,2.7893,4.3149,7.2,11.4952,48.7439,6.3562,105.411,4.3916,31.9225,33.4947,6.3867,0.5811,0.4071,21.4226,83.2881,7.1142,3.598,2.2565,28.4299,11.5211,1225.53,0.75282,0.021379,0.039475,0.032927,0.024132
3915,aus,2004,primaryagr,8629.53,34.9268,27.9259,6059.09,537.26,39.5185,14.5557,41.5791,2.4018,14.1613,102.438,0.9685,39.5216,5.0284,48.9358,48.8462,23.8972,6.2647,230.518,1572.3,80.1057,32.2519,10.9543,6.9364,63.8156,419.854,283.77,primaryagr,5720.48,30.9129,20.9717,2379.57,199.687,19.5185,2.4138,32.4384,2.5205,2.7803,56.2326,0.6459,40.2696,1.6796,14.8065,19.2017,4.3207,0.1856,0.2705,57.7885,30.4682,3.2322,0.9371,0.8298,11.2229,37.5152,4.4491,0.652757,0.073759,0.125398,0.093188,0.080488
3916,aus,2004,otherprim,63.1187,7061.58,254.029,285.914,46.3337,12.7028,6.0428,3.2091,54.9293,38.39,126.122,20.3948,3689.76,101.0,269.802,492.796,158.113,13.846,1388.64,513.116,124.788,40.3404,7.4235,4.7721,54.3562,121.329,336.689,otherprim,41.8412,6250.04,190.77,112.286,17.2211,6.274,1.0021,2.5036,57.6447,7.5371,69.2336,13.602,3759.6,33.7357,81.6344,193.721,28.5873,0.4103,1.6292,18.8591,47.4631,4.0428,0.635,0.5709,9.5594,10.8411,5.2787,0.532481,0.09579,0.132846,0.117528,0.101014
3917,aus,2004,energy,236.533,476.699,11708.4,686.18,162.716,53.0067,24.8325,11.7015,16.6051,133.708,355.943,24.4888,2061.03,69.8767,242.997,425.53,104.544,53.9444,1422.57,1663.68,2073.95,144.161,39.4083,24.2071,218.86,439.683,1196.43,energy,156.797,421.915,8792.73,269.482,60.4776,26.1804,4.1181,9.129,17.426,26.2507,195.392,16.3324,2100.04,23.3399,73.5239,167.278,18.9019,1.5986,1.669,61.147,788.827,14.4472,3.3711,2.8958,38.4899,39.287,18.758,0.433807,0.136046,0.153712,0.14307,0.131261
3918,aus,2004,procfoods,120.959,30.9359,20.9003,7114.96,60.2637,10.5602,7.6775,37.1951,1.7893,9.9425,63.5061,0.7382,31.9204,3.7362,37.8507,35.7635,15.2381,3.8887,154.581,1322.9,58.7265,26.6093,7.842,5.0727,40.9714,216.866,194.026,procfoods,80.1834,27.3807,15.6957,2794.24,22.3986,5.2158,1.2732,29.0181,1.8778,1.952,34.8611,0.4923,32.5246,1.248,11.4525,14.0589,2.7551,0.1152,0.1814,48.6217,22.3366,2.6667,0.6708,0.6068,7.2054,19.3776,3.042,0.23764,0.09033,0.055909,0.034096,0.093942
3924,aus,2004,paperpub,45.8786,45.9276,65.8233,385.425,160.661,19.3597,13.1583,5.4095,6.6308,2431.85,131.058,3.7036,77.182,14.1839,103.543,138.152,40.6669,11.0976,675.329,1558.63,174.308,182.223,43.7655,32.3729,216.118,488.044,1219.76,paperpub,30.4128,40.6495,49.4318,151.367,59.714,9.5619,2.1821,4.2203,6.9586,477.442,71.9433,2.4701,78.6429,4.7377,31.3291,54.3086,7.3527,0.3289,0.7923,57.286,66.2978,18.2617,3.7439,3.8726,38.0076,43.6082,19.1239,0.420045,0.009449,0.010338,0.014297,0.009074
3925,aus,2004,chemicals,187.523,66.553,81.7293,387.263,102.115,31.0071,13.5279,25.6958,11.6958,89.9703,3169.1,4.0292,97.6508,15.2243,151.694,177.651,98.4009,25.5485,1044.33,603.0,117.418,76.7995,11.6623,7.5543,81.6832,275.774,611.809,chemicals,124.309,58.9046,61.3769,152.089,37.9535,15.3146,2.2434,20.0468,12.274,17.6637,1739.65,2.6872,99.4991,5.0851,45.8981,69.8359,17.7912,0.7571,1.2253,22.1627,44.6599,7.6965,0.9976,0.9037,14.3652,24.6412,9.5922,0.293492,0.045311,0.034635,0.027967,0.040623
3928,aus,2004,fabmetals,20.9036,80.8541,78.0115,120.864,123.919,10.0612,4.0713,1.6638,10.0917,18.1197,61.3102,3.2577,97.0048,685.403,149.92,246.495,70.842,26.2267,1754.25,385.978,137.662,65.9624,7.6173,4.9845,52.9315,131.898,443.068,fabmetals,13.8569,71.5621,58.5849,47.4667,46.0578,4.9693,0.6752,1.298,10.5905,3.5574,33.6557,2.1727,98.8409,228.936,45.3614,96.8988,12.8085,0.7772,2.0582,14.1862,52.3596,6.6105,0.6516,0.5963,9.3088,11.7855,6.9466,0.336125,0.005612,0.004913,0.009459,0.00536
3930,aus,2004,machinery,22.9415,72.2587,94.6911,61.4108,17.5464,3.8092,2.2041,1.0045,5.2466,17.2966,24.4143,1.2613,74.8262,7.016,97.3563,5342.27,16.4441,7.0192,654.95,453.935,110.172,91.8056,9.3309,5.7729,54.6211,138.04,372.312,machinery,15.2078,63.9546,71.1109,24.1177,6.5216,1.8814,0.3655,0.7837,5.5059,3.3958,13.402,0.8412,76.2425,2.3435,29.4572,2100.08,2.9731,0.208,0.7684,16.6839,41.9038,9.2004,0.7982,0.6906,9.6059,12.3343,5.8372,0.323345,0.055709,0.046916,0.026966,0.049437
3932,aus,2004,water,91.1523,37.9234,39.2883,138.193,33.7106,10.5911,5.3221,2.0716,2.6776,18.5141,39.2497,1.3654,64.9642,5.2563,47.2701,50.3886,12.9179,2116.73,311.405,398.321,129.781,50.8599,15.6433,10.2717,147.014,143.982,286.233,water,60.4245,33.5652,29.5046,54.2723,12.5294,5.231,0.8826,1.6162,2.8099,3.6348,21.5458,0.9106,66.1938,1.7557,14.3026,19.8081,2.3356,62.727,0.3654,14.6399,49.362,5.097,1.3382,1.2288,25.8547,12.8652,4.4877,0.654239,0.000854,0.001455,0.005458,0.000917
3933,aus,2004,construction,72.8113,303.908,326.472,166.48,45.2211,9.2417,5.5311,2.6563,8.8398,27.1514,57.9774,3.0019,258.521,13.2233,77.742,108.147,28.4717,70.7493,33555.6,1059.82,307.45,217.522,21.8394,14.6664,172.12,150.711,1538.44,construction,48.2663,268.982,245.173,65.3812,16.8076,4.5645,0.9173,2.0723,9.2768,5.3306,31.8262,2.0021,263.415,4.4168,23.5225,42.5135,5.1478,2.0966,39.3689,38.9526,116.938,21.7991,1.8682,1.7545,30.2699,13.4664,24.1202,0.303726,0.000879,0.000695,0.014256,0.000893
3934,aus,2004,distribution,425.946,438.853,565.562,1654.94,687.29,118.826,84.1072,35.3945,47.4229,263.404,563.337,19.8178,685.881,98.2642,1093.24,974.907,295.573,85.3369,3778.13,50033.1,1665.36,633.02,170.09,131.824,732.906,1519.7,3610.88,distribution,282.358,388.419,424.725,649.942,255.449,58.6888,13.9479,27.6134,49.7673,51.7138,309.239,13.2171,698.864,32.8218,330.784,383.242,53.4405,2.5289,4.4327,1838.92,633.419,63.4387,14.5501,15.7695,128.893,135.789,56.6127,0.445025,0.033322,0.038622,0.074147,0.034882
3935,aus,2004,transport,261.424,192.748,445.881,1135.29,322.319,57.9458,36.4679,23.8467,39.5945,165.852,340.948,20.2576,546.331,59.5403,317.928,396.375,138.352,31.9208,2204.65,3235.48,10751.6,253.063,63.8651,39.4803,358.59,607.778,1726.88,transport,173.297,170.597,334.847,445.86,119.798,28.6199,6.0477,18.6043,41.5519,32.5615,187.161,13.5104,556.672,19.8874,96.1958,155.818,25.0145,0.9459,2.5866,118.917,4089.36,25.361,5.4632,4.7228,63.0634,54.3068,27.0746,0.368619,0.090453,0.086841,0.073067,0.090758
3936,aus,2004,communcation,80.1933,103.368,157.554,307.448,91.5909,23.347,15.1849,5.4913,11.9308,80.9926,113.723,5.6793,160.443,23.8419,173.146,245.756,65.2047,27.5185,1173.55,2310.17,544.437,4416.11,171.356,117.614,414.087,982.395,1869.11,communcation,53.1598,91.4886,118.32,120.743,34.0421,11.5313,2.5182,4.2841,12.5206,15.9012,62.4275,3.7877,163.48,7.9636,52.3891,96.6083,11.7892,0.8155,1.3769,84.9082,207.076,442.565,14.6584,14.0697,72.8234,87.7799,29.3046,0.4432,0.008622,0.009953,0.019487,0.008828
3937,aus,2004,finance,284.372,307.57,509.16,568.148,200.211,49.8138,27.4248,10.2056,18.1303,118.0,191.807,8.5275,374.287,36.0961,250.717,304.047,90.0206,128.234,3803.35,3008.72,676.377,254.63,9693.65,1450.83,731.769,912.281,5384.01,finance,188.509,272.223,382.368,223.127,74.4137,24.6034,4.548,7.962,19.0266,23.1667,105.291,5.6873,381.371,12.0567,75.8597,119.523,16.276,3.8001,4.4623,110.583,257.26,25.518,829.229,173.556,128.693,81.515,84.4125,0.627885,0.009255,0.015136,0.038957,0.010569
3938,aus,2004,insurance,44.2979,47.1455,51.2127,184.617,39.8646,8.7012,4.0131,1.9559,3.7915,31.2157,40.8801,1.8128,51.9721,6.1383,63.6144,53.533,16.1675,5.8871,602.907,728.462,108.999,34.8929,125.284,6299.61,93.0772,250.705,1110.11,insurance,29.3649,41.7274,38.4596,72.5042,14.8167,4.2976,0.6655,1.5259,3.979,6.1285,22.4408,1.209,52.9558,2.0503,19.2479,21.0442,2.9231,0.1745,0.7074,26.7739,41.4578,3.4968,10.7172,753.593,16.369,22.4012,17.4047,0.585242,0.009926,0.01513,0.013165,0.011379
3939,aus,2004,obsict,587.447,1048.7,1493.91,2391.25,742.796,196.523,119.618,48.4806,106.967,687.571,1197.07,43.0664,1868.44,216.787,2054.12,1898.02,482.186,200.23,12307.1,15644.5,4034.2,1374.1,926.124,603.342,13683.3,4894.87,10033.0,obsict,389.416,928.182,1121.9,939.108,276.079,97.064,19.8368,37.8227,112.255,134.99,657.124,28.7224,1903.81,72.4102,621.517,746.122,87.1807,5.9336,14.4393,574.999,1534.4,137.707,79.2239,72.175,2406.42,437.371,157.302,0.468655,0.031422,0.038354,0.145682,0.033811
3940,aus,2004,oconsumer,33.7493,58.8451,84.54,157.168,54.4113,9.9303,7.0271,2.6418,5.4888,43.8741,67.7188,2.0932,82.0945,9.5318,132.89,91.2955,31.0266,16.4804,683.851,1263.51,186.227,75.9819,65.0248,40.8125,345.14,15885.7,1100.51,oconsumer,22.3723,52.0825,63.4876,61.7242,20.2234,4.9047,1.1653,2.061,5.7601,8.6137,37.1737,1.3961,83.6484,3.1838,40.2086,35.8889,5.6097,0.4884,0.8023,46.439,70.8313,7.6146,5.5624,4.8822,60.698,1419.43,17.2542,0.447547,0.026433,0.030811,0.022329,0.027182
3941,aus,2004,oservices,54.9696,97.3168,142.418,241.808,81.7421,15.7789,18.2933,5.5302,8.8973,79.8025,137.413,4.0248,150.141,16.5287,167.544,146.042,36.9003,23.3701,907.312,942.122,472.439,145.107,115.745,62.6703,334.84,510.311,130845.0,oservices,36.4391,86.1329,106.953,94.9647,30.3816,7.7933,3.0337,4.3145,9.3371,15.6675,75.4316,2.6843,152.983,5.5209,50.6939,57.4102,6.6717,0.6925,1.0645,34.6268,179.692,14.542,9.9013,7.497,58.8867,45.5978,2051.44,0.739024,0.024783,0.047701,0.033762,0.027473
6993,aus,2007,primaryagr,7629.08,59.9883,40.351,8081.0,917.194,37.8532,46.507,68.2084,1.8287,18.873,178.619,0.9864,75.2469,7.4168,73.3586,71.0681,34.7173,8.1781,390.364,2195.92,93.241,44.8746,16.9474,12.1646,121.759,596.429,442.228,primaryagr,4266.49,77.1828,39.4895,3073.58,353.641,14.697,3.0443,39.0954,3.6265,4.2159,115.077,0.9094,79.8119,2.7081,21.6061,29.0772,6.3423,0.2756,0.39,91.2586,32.3366,4.33681,1.3813,1.181,21.8483,59.7391,6.8659,0.605853,0.036487,0.059821,0.059258,0.03999
6994,aus,2007,otherprim,55.2961,12224.3,321.65,327.717,51.8105,11.4233,17.6263,4.3497,37.3935,43.5383,146.435,18.2661,7305.34,142.857,376.07,698.677,205.052,18.4332,2035.92,647.028,152.769,51.4789,10.2781,7.5579,94.2748,160.274,466.118,otherprim,30.9238,15728.2,314.782,124.646,19.9765,4.4352,1.1538,2.4932,74.157,9.7257,94.3421,16.8415,7748.53,52.1622,110.762,285.861,37.4599,0.6212,2.034,26.8893,52.9815,4.97507,0.8377,0.7338,16.9167,16.0533,7.2369,0.5247,0.159111,0.225925,0.175895,0.168758
6995,aus,2007,energy,283.002,836.89,15784.5,1083.13,236.939,50.2284,78.2452,20.5979,13.0806,194.821,535.874,26.8208,3599.14,94.8869,346.802,588.176,140.829,82.1049,2354.35,2530.82,3217.08,213.725,56.6806,40.6769,450.929,683.557,1949.23,energy,158.266,1076.77,15447.5,411.964,91.3562,19.5017,5.1218,11.8062,25.9408,43.5195,345.242,24.7291,3817.49,34.6466,102.142,240.65,25.7275,2.767,2.3521,105.176,1115.71,20.655,4.6198,3.9491,80.9146,68.466,30.2633,0.411125,0.158594,0.176446,0.165474,0.149999
6996,aus,2007,procfoods,103.791,41.6101,24.2814,8034.78,65.197,8.4757,19.7054,48.911,1.0635,10.3514,67.4794,0.5889,48.3804,4.3648,45.493,41.4936,17.2106,4.5172,202.558,1526.81,55.5842,30.0134,9.8379,7.2347,63.9541,261.534,243.074,procfoods,58.0443,53.5369,23.763,3056.0,25.1379,3.2908,1.2899,28.0346,2.1091,2.3123,43.4742,0.5429,51.3154,1.5938,13.3989,16.9769,3.1441,0.1522,0.2024,63.4512,19.277,2.90058,0.8018,0.7024,11.4759,26.1956,3.7739,0.224275,0.069302,0.042061,0.02493,0.072462
7002,aus,2007,paperpub,39.8847,78.6235,82.391,427.89,164.392,16.6887,36.9532,7.0623,4.2889,2788.36,147.673,3.2616,131.557,17.5994,133.128,174.69,50.0756,14.0495,965.304,1941.39,190.596,224.533,56.6492,47.1658,369.057,630.475,1649.08,paperpub,22.3051,101.159,80.6319,162.747,63.3844,6.4796,2.4189,4.0479,8.5056,622.869,95.1394,3.0072,139.538,6.4262,39.2099,71.4738,9.1481,0.4735,0.9644,80.6804,66.1,21.6995,4.6172,4.5791,66.2235,63.1493,25.6032,0.418068,0.00807,0.00913,0.012579,0.007883
7003,aus,2007,chemicals,160.259,115.449,120.506,435.605,112.133,27.1933,38.0782,35.2645,7.656,100.861,3650.98,3.5649,170.807,19.4331,197.336,229.057,120.239,32.7732,1487.16,738.642,131.367,92.6588,15.0763,11.4236,138.851,349.906,837.572,chemicals,89.6233,148.54,117.933,165.681,43.235,10.5581,2.4925,20.2128,15.1831,22.5306,2352.18,3.2869,181.169,7.0957,58.1207,93.7179,21.9658,1.1045,1.4857,30.6966,45.5591,8.9548,1.2288,1.1091,24.9155,35.0471,13.004,0.286702,0.041108,0.031894,0.024956,0.037085
7006,aus,2007,fabmetals,18.2641,137.182,93.7333,130.621,127.072,8.3556,11.0248,2.1852,6.624,19.9431,68.5046,2.7507,156.936,908.168,176.255,319.739,86.2204,32.8754,2498.51,473.653,150.247,80.1782,10.565,7.7341,88.6256,167.861,584.521,fabmetals,10.214,176.503,91.732,49.6812,48.9948,3.2442,0.7217,1.2525,13.1363,4.4549,44.1347,2.5362,166.457,331.604,51.9117,130.82,15.7512,1.1079,2.4961,19.6841,52.1066,7.74865,0.8611,0.7509,15.903,16.8132,9.0752,0.331071,0.005398,0.004836,0.009011,0.005109
7008,aus,2007,machinery,20.584,120.54,118.369,70.6319,18.728,3.2713,6.132,1.3897,3.4086,19.7174,28.3725,1.1053,131.444,8.8543,129.844,6973.51,20.1535,8.9216,930.71,566.674,122.92,112.816,12.6152,9.0183,93.6234,177.247,501.986,machinery,11.5114,155.091,115.841,26.8646,7.2209,1.2701,0.4014,0.7966,6.7598,4.4045,18.2792,1.0191,139.418,3.233,38.2426,2853.18,3.6817,0.3007,0.9298,23.5499,42.6295,10.9029,1.0282,0.8755,16.7998,17.7533,7.7937,0.317774,0.050223,0.043189,0.024908,0.044398
7010,aus,2007,water,82.3054,64.9425,49.1331,166.15,37.8694,8.9721,14.6249,2.8784,1.7188,20.6351,44.7229,1.1874,107.509,6.5278,60.206,62.9746,15.2512,2662.27,431.766,482.438,140.941,61.6541,20.5341,14.9495,250.363,179.987,376.498,water,46.0285,83.5571,48.084,63.1948,14.6012,3.4835,0.9573,1.6498,3.4087,4.6095,28.8131,1.0948,114.032,2.3835,17.7323,25.7658,2.7862,89.719,0.4314,20.0492,48.8794,5.95843,1.6736,1.4514,44.9251,18.0277,5.8454,0.642026,0.000809,0.001405,0.004962,0.000876
7011,aus,2007,construction,67.5773,549.072,420.778,203.423,51.1532,8.1132,15.8085,3.8168,6.0333,31.9846,69.9087,2.8067,490.151,17.8542,104.04,143.435,35.8667,91.8886,49161.3,1344.22,361.352,271.279,31.0129,23.9577,301.896,198.248,2142.45,construction,37.792,706.453,411.794,77.3711,19.723,3.15,1.0348,2.1877,11.9649,7.1448,45.0393,2.5878,519.887,6.5192,30.6424,58.6859,6.5523,3.0967,49.1142,55.8635,125.319,26.2172,2.5277,2.3259,54.1721,19.8568,33.2633,0.304145,0.000713,0.000587,0.016466,0.000732
7012,aus,2007,distribution,379.936,746.132,727.021,1895.81,723.602,103.112,237.867,49.242,31.6192,300.165,647.756,17.658,1199.79,127.742,1447.86,1254.39,364.96,108.429,5453.88,63382.8,1805.33,781.22,233.158,203.363,1251.85,1973.13,4895.98,distribution,212.476,959.997,711.498,721.067,278.998,40.0342,15.5704,28.2244,62.7056,67.0515,417.323,16.2808,1272.58,46.6433,426.434,513.227,66.673,3.6541,5.4487,2634.07,626.1,75.4993,19.0036,19.7435,224.632,197.632,76.014,0.443643,0.031303,0.037582,0.069111,0.03304
7013,aus,2007,transport,212.813,304.611,522.131,1208.54,313.263,45.76,93.5208,30.5213,24.1512,172.665,358.964,16.5192,848.963,69.9193,378.725,459.918,154.616,37.2082,2872.93,3702.17,11563.3,286.339,74.8146,54.3464,559.617,719.596,2148.09,transport,119.014,391.922,510.983,459.664,120.784,17.7668,6.1217,17.4941,47.8954,38.5701,231.266,15.2309,900.466,25.53,111.545,188.173,28.2461,1.2539,2.8702,153.855,4010.23,27.6726,6.0978,5.2762,100.418,72.0758,33.3508,0.339148,0.063464,0.058246,0.054245,0.062114
7014,aus,2007,communcation,70.7328,179.147,197.378,348.898,95.9819,19.879,42.1556,7.4749,7.7857,91.5397,128.985,4.9806,274.711,30.5739,223.385,313.851,79.0273,34.9399,1670.62,2867.73,592.186,5395.85,233.419,184.196,705.469,1260.42,2521.8,communcation,39.5567,230.496,193.163,132.702,37.0075,7.7182,2.7594,4.2844,15.4402,20.4483,83.0997,4.5921,291.377,11.1636,65.7927,128.411,14.4371,1.1775,1.669,119.177,205.374,521.47,19.0249,17.8827,126.589,126.246,39.1529,0.437432,0.006716,0.00795,0.017459,0.00696
7015,aus,2007,finance,249.69,525.683,617.923,666.413,216.633,40.1689,72.3179,13.9351,11.6346,133.299,216.559,7.3827,650.006,45.1315,309.194,381.732,109.103,164.433,5428.21,3674.17,746.941,316.295,13677.1,2356.61,1262.41,1166.81,7474.24,finance,139.637,676.36,604.73,253.468,83.5266,15.596,4.7338,7.9873,23.0731,29.7765,139.52,6.8069,689.439,16.4791,91.0658,156.184,19.9316,5.5414,5.423,152.692,259.044,30.5676,1114.76,228.791,226.526,116.869,116.044,0.628306,0.008121,0.013809,0.037006,0.009405
7016,aus,2007,insurance,39.1874,81.0745,68.7948,210.2,43.0626,7.6179,11.5584,2.6936,2.5398,35.969,47.6191,1.6358,94.4421,8.0939,83.8745,69.5212,20.1354,7.6726,878.182,916.177,126.935,44.0121,176.369,10174.8,160.3,325.613,1519.68,insurance,21.9152,104.313,67.3259,79.949,16.6036,2.9577,0.7566,1.5439,5.0368,8.0348,30.679,1.5082,100.172,2.9554,24.7033,28.4443,3.6785,0.2586,0.8773,38.0746,44.0218,4.25345,14.375,987.822,28.7642,32.6139,23.5942,0.581026,0.008523,0.013401,0.011889,0.009894
7017,aus,2007,obsict,528.246,1889.98,1915.27,2797.07,805.022,172.691,342.966,67.9457,71.8922,798.656,1398.8,39.0294,3237.61,284.777,2718.46,2469.36,599.773,261.381,18044.5,19990.0,4510.45,1737.55,1339.55,1013.18,24121.9,6428.38,13924.2,obsict,295.417,2431.71,1874.37,1063.86,310.391,67.0492,22.4499,38.9449,142.573,178.405,901.188,35.9855,3434.02,103.982,800.66,1010.33,109.57,8.8086,18.0272,830.746,1564.26,167.921,109.181,98.3644,4328.44,643.876,216.184,0.47061,0.03683,0.046905,0.147658,0.040057
7018,aus,2007,oconsumer,31.4146,107.626,112.137,184.527,59.3505,9.1309,20.7202,3.769,3.7665,51.8663,80.0435,1.9835,152.698,13.0468,177.649,121.781,39.4663,22.1485,1024.64,1613.06,215.999,98.0155,94.3178,69.9994,606.287,20933.3,1551.92,oconsumer,17.5683,138.475,109.743,70.184,22.8837,3.5452,1.3563,2.1603,7.4696,11.586,51.5688,1.8288,161.961,4.7639,52.3225,49.8263,7.2099,0.7464,1.0237,67.0358,74.9099,9.47249,7.6874,6.7959,108.792,2096.71,24.0949,0.449839,0.025366,0.030879,0.022083,0.026483
7019,aus,2007,oservices,48.9519,171.062,184.043,278.576,86.3409,13.7325,51.5074,7.7089,5.908,91.6376,159.938,3.6092,261.164,21.543,221.331,196.564,45.5269,30.8095,1314.22,1181.52,527.276,180.251,161.562,102.001,579.266,663.971,179097.0,oservices,27.3759,220.094,180.113,105.955,33.2903,5.3318,3.3716,4.4186,11.7165,20.4702,103.041,3.3277,277.007,7.8661,65.1878,80.4234,8.3171,1.0383,1.313,49.1017,182.863,17.4199,13.1681,9.9027,103.943,66.5043,2780.62,0.73706,0.021975,0.04383,0.031106,0.024693
10071,aus,2011,primaryagr,18321.6,186.68,42.45,12086.7,1286.85,54.7,75.59,76.0,0.92,31.5,263.77,1.19,72.44,11.78,108.05,108.03,60.24,13.62,661.09,3604.94,148.16,73.45,27.73,19.78,192.43,964.55,743.57,primaryagr,12751.0,227.08,41.5,3839.71,333.24,14.85,3.35,32.04,3.82,5.94,152.9,1.05,78.0,3.86,19.87,36.19,12.81,0.29,0.46,94.3,37.13,4.59,1.47,1.24,23.16,61.72,7.14,0.593,0.0755,0.105,0.0846,0.0808
10072,aus,2011,otherprim,127.03,41213.2,337.28,489.07,71.48,15.88,27.6,4.83,18.96,70.89,214.15,22.42,6544.55,213.32,524.94,985.54,343.6,29.55,3362.74,1049.28,206.28,80.72,16.31,11.92,144.57,255.64,754.28,otherprim,88.41,50132.9,329.78,155.37,18.51,4.31,1.22,2.04,78.6,13.37,124.14,19.83,7046.11,69.85,96.52,330.17,73.08,0.62,2.34,27.45,51.69,5.04,0.87,0.75,17.4,16.36,7.24,0.5457,0.3372,0.4318,0.2792,0.3531
10073,aus,2011,energy,418.89,1403.99,15872.9,1047.06,216.16,47.12,82.32,14.79,4.16,196.76,479.55,19.43,2690.76,109.25,359.43,626.97,171.49,84.69,2619.18,2665.8,3066.66,221.81,58.54,41.77,449.94,702.24,2069.41,energy,291.53,1707.85,15520.3,332.63,55.98,12.79,3.65,6.24,17.26,37.1,277.99,17.19,2896.97,35.77,66.08,210.05,36.47,1.78,1.82,69.73,768.5,13.85,3.11,2.62,54.16,44.94,19.87,0.4118,0.1112,0.1075,0.107,0.1024
10074,aus,2011,procfoods,233.46,128.17,25.81,12190.4,92.14,12.45,32.33,55.26,0.54,17.48,101.08,0.72,46.1,6.99,67.77,63.78,30.27,7.62,347.71,2538.91,89.49,49.65,16.31,11.92,102.55,429.27,414.15,procfoods,162.48,155.91,25.24,3872.66,23.86,3.38,1.43,23.3,2.24,3.3,58.59,0.63,49.63,2.29,12.46,21.37,6.44,0.16,0.24,66.41,22.43,3.1,0.86,0.75,12.34,27.47,3.98,0.2284,0.0598,0.0321,0.0217,0.0614
10080,aus,2011,paperpub,104.73,275.44,89.53,680.3,240.73,25.17,62.1,8.34,2.23,4540.22,226.38,4.07,139.25,28.97,202.35,274.07,90.17,24.17,1683.05,3313.5,312.49,374.99,95.12,78.46,599.93,1059.09,2845.35,paperpub,72.89,335.05,87.54,216.12,62.34,6.83,2.75,3.52,9.25,856.05,131.22,3.6,149.92,9.49,37.2,91.82,19.18,0.51,1.17,86.67,78.31,23.42,5.05,4.93,72.22,67.77,27.33,0.4333,0.0074,0.0075,0.0117,0.0072
10081,aus,2011,chemicals,419.45,393.36,128.19,693.44,164.42,40.5,63.62,40.59,3.9,169.77,5362.85,4.37,174.63,31.5,294.52,351.68,212.43,55.42,2549.52,1260.95,205.55,154.33,25.44,19.14,225.17,585.16,1437.38,chemicals,291.92,478.5,125.34,220.29,42.58,11.0,2.82,17.12,16.17,32.01,3108.72,3.86,188.01,10.32,54.15,117.82,45.18,1.17,1.77,32.98,51.51,9.64,1.35,1.2,27.1,37.44,13.8,0.2953,0.0364,0.0253,0.0235,0.0324
10084,aus,2011,fabmetals,45.15,456.83,96.59,200.57,178.2,12.05,17.91,2.49,3.27,32.52,100.17,3.27,154.18,1404.82,261.76,470.12,147.31,53.75,4124.36,781.46,231.45,128.85,17.2,12.51,138.97,271.39,967.95,fabmetals,31.42,555.7,94.45,63.72,46.15,3.27,0.79,1.05,13.54,6.13,58.07,2.89,166.0,459.99,48.13,157.5,31.33,1.13,2.87,20.44,58.0,8.05,0.91,0.79,16.73,17.37,9.3,0.3312,0.0052,0.004,0.0089,0.0048
10085,aus,2011,transpequip,34.28,97.14,32.55,97.05,25.02,4.56,10.5,1.7,0.63,16.38,29.55,1.16,52.12,7.02,7527.4,77.4,35.96,4.75,447.51,1027.98,539.63,54.03,10.67,8.1,74.3,105.24,944.8,transpequip,23.86,118.17,31.82,30.83,6.48,1.24,0.47,0.72,2.63,3.09,17.13,1.03,56.12,2.3,1383.99,25.93,7.65,0.1,0.31,26.89,135.23,3.37,0.57,0.51,8.94,6.73,9.07,0.2682,0.0193,0.0122,0.0091,0.0164
10086,aus,2011,machinery,54.57,397.39,122.4,110.15,26.95,4.73,9.98,1.59,1.7,32.2,41.04,1.28,123.86,13.9,197.4,10339.3,34.98,14.61,1555.94,939.3,186.67,182.77,20.65,14.67,147.74,289.0,840.44,machinery,37.98,483.4,119.68,34.99,6.98,1.28,0.44,0.67,7.05,6.07,23.79,1.13,133.36,4.55,36.29,3463.82,7.44,0.31,1.08,24.57,46.78,11.41,1.1,0.92,17.78,18.49,8.07,0.322,0.0418,0.0316,0.0214,0.0363
10088,aus,2011,water,218.86,223.98,52.1,267.59,55.79,13.24,24.18,3.39,0.88,34.54,67.39,1.45,115.32,10.81,89.76,97.93,27.42,4356.01,738.39,814.8,225.31,101.13,33.86,24.47,396.16,297.52,639.91,water,152.32,272.46,50.94,85.01,14.45,3.59,1.07,1.43,3.66,6.51,39.06,1.28,124.15,3.54,16.5,32.81,5.83,91.58,0.51,21.31,56.46,6.32,1.8,1.54,47.69,19.04,6.15,0.6502,0.0006,0.0009,0.0051,0.0006
10089,aus,2011,construction,161.67,1867.24,432.97,304.29,71.47,11.45,25.21,4.25,3.02,50.88,98.32,3.18,456.72,27.68,152.0,212.87,61.74,150.47,80910.5,2201.86,532.67,435.92,50.28,38.56,471.13,319.63,3541.35,construction,112.52,2271.37,423.35,96.67,18.51,3.11,1.12,1.79,12.51,9.59,56.99,2.82,491.72,9.06,27.95,71.32,13.13,3.16,56.3,57.6,133.49,27.22,2.67,2.42,56.71,20.45,34.01,0.3058,0.0006,0.0004,0.0191,0.0006
10090,aus,2011,distribution,1014.12,2478.96,762.17,2974.22,1038.37,151.17,388.44,56.46,15.93,497.87,965.57,21.33,1202.17,203.66,2124.47,1906.44,636.93,180.1,9242.3,103428.0,2863.3,1274.6,381.3,329.28,1988.38,3241.44,8255.67,distribution,705.78,3015.48,745.23,944.85,268.9,41.04,17.22,23.81,66.07,93.87,559.72,18.86,1294.3,66.68,390.61,638.69,135.46,3.79,6.43,2705.46,717.54,79.6,20.22,20.67,239.35,207.42,79.28,0.4489,0.022,0.0232,0.0623,0.0228
10091,aus,2011,transport,634.34,1108.07,596.0,2063.16,494.29,73.44,167.58,38.18,13.25,312.21,583.4,21.76,959.43,122.98,617.22,773.16,297.65,67.46,5340.9,6755.75,18565.9,512.62,134.58,97.1,972.56,1297.53,3967.28,transport,441.47,1347.88,582.76,655.43,128.0,19.94,7.43,16.1,54.94,58.87,338.18,19.24,1032.95,40.27,113.48,259.02,63.3,1.42,3.72,176.72,4652.59,32.01,7.14,6.1,117.07,83.03,38.1,0.3754,0.0458,0.0404,0.049,0.0454
10092,aus,2011,communcation,182.7,612.26,208.83,550.89,140.07,29.44,69.7,8.72,3.97,152.82,194.19,6.07,281.75,49.29,332.54,480.29,139.42,58.38,2848.62,4793.64,947.13,8627.16,379.63,297.06,1119.81,2065.43,4255.31,communcation,127.15,744.77,204.19,175.01,36.27,7.99,3.09,3.68,16.46,28.81,112.57,5.37,303.34,16.14,61.14,160.9,29.65,1.23,1.98,125.39,237.35,538.75,20.14,18.65,134.8,132.17,40.87,0.4436,0.0047,0.0049,0.0156,0.0048
10093,aus,2011,finance,644.64,1744.68,636.6,1038.27,309.44,58.17,117.37,15.91,5.82,217.85,316.09,8.64,612.12,70.79,452.97,575.07,188.97,269.89,9035.59,6068.2,1138.79,512.16,21802.7,3742.54,1977.15,1896.26,12360.6,finance,448.64,2122.28,622.46,329.84,80.13,15.79,5.2,6.71,24.14,41.08,183.23,7.64,659.03,23.18,83.28,192.66,40.19,5.67,6.29,158.73,285.38,31.98,1156.42,234.97,238.0,121.34,118.7,0.6308,0.0058,0.0086,0.0344,0.0066
10094,aus,2011,insurance,104.05,266.96,71.39,325.61,61.82,11.09,18.92,3.1,1.27,59.04,70.4,1.95,90.22,12.77,122.77,105.34,35.02,12.67,1464.62,1511.59,198.08,71.72,282.73,16062.4,251.94,528.1,2518.7,insurance,72.42,324.73,69.81,103.44,16.01,3.01,0.84,1.31,5.26,11.13,40.81,1.73,97.13,4.18,22.57,35.29,7.45,0.27,1.02,39.54,49.64,4.48,15.0,1008.47,30.33,33.79,24.19,0.583,0.006,0.0082,0.0096,0.0068
10095,aus,2011,obsict,1389.73,6485.88,2022.57,4414.87,1172.79,255.25,566.67,78.95,36.57,1330.18,2095.09,47.41,3407.85,461.78,4001.52,3805.8,1064.85,436.48,30628.4,33458.9,7172.61,2852.89,2184.07,1638.69,37578.4,10576.0,23559.3,obsict,967.19,7889.61,1977.64,1402.52,303.71,69.3,25.11,33.29,151.6,250.8,1214.47,41.94,3669.01,151.2,735.72,1275.0,226.47,9.18,21.31,875.21,1797.45,178.16,115.84,102.88,4523.46,676.76,226.25,0.4768,0.0262,0.0293,0.1375,0.0281
10096,aus,2011,oconsumer,80.83,367.54,118.62,289.61,86.05,13.55,34.28,4.39,1.92,86.58,120.21,2.41,154.79,21.14,261.05,187.9,69.71,37.01,1743.84,2697.54,343.81,161.64,154.18,113.54,960.57,33588.2,2619.36,oconsumer,56.25,447.08,115.98,92.0,22.28,3.68,1.52,1.85,7.97,16.32,69.68,2.13,166.65,6.92,48.0,62.95,14.83,0.78,1.21,70.56,86.16,10.09,8.18,7.13,115.63,2149.32,25.15,0.4568,0.0178,0.019,0.0172,0.0183
10097,aus,2011,oservices,124.84,579.35,192.5,432.76,124.38,20.21,83.62,8.85,3.0,151.3,237.52,4.36,268.45,34.73,323.97,300.46,80.59,50.96,2223.93,1980.56,833.49,293.36,260.81,163.6,911.38,1082.85,294429.0,oservices,86.88,704.73,188.22,137.48,32.21,5.49,3.71,3.73,12.42,28.53,137.69,3.85,289.02,11.37,59.56,100.66,17.14,1.07,1.55,51.81,208.87,18.32,13.83,10.27,109.71,69.29,2827.53,0.7417,0.0154,0.0268,0.0244,0.0169
