,iso3,year,sector_GMatrix,g_primaryagr,g_otherprim,g_energy,g_procfoods,g_bevtobacco,g_textiles,g_clothing,g_leather,g_lumber,g_paperpub,g_chemicals,g_nonmetmin,g_metals,g_fabmetals,g_transpequip,g_machinery,g_othermanuf,g_water,g_construction,g_distribution,g_transport,g_communcation,g_finance,g_insurance,g_obsict,g_oconsumer,g_oservices,sector_HMatrix,h_primaryagr,h_otherprim,h_energy,h_procfoods,h_bevtobacco,h_textiles,h_clothing,h_leather,h_lumber,h_paperpub,h_chemicals,h_nonmetmin,h_metals,h_fabmetals,h_transpequip,h_machinery,h_othermanuf,h_water,h_construction,h_distribution,h_transport,h_communcation,h_finance,h_insurance,h_obsict,h_oconsumer,h_oservices,DomVAshare,GXshare,DXshare,VXsharefwd,VXsharebwd
2,alb,1997,energy,12.8071,3.0441,195.573,19.9136,0.57,7.788,21.7902,17.113,5.2173,4.8667,5.1899,4.1073,14.2867,9.3565,1.9809,4.3321,2.1326,0.2622,35.8618,26.3265,11.4005,0.8181,0.0851,0.1182,6.4698,0.7543,5.4805,energy,2.1284,1.467,103.72,0.5896,0.0649,3.737,19.6156,15.4343,1.9173,0.5194,2.6256,0.84,14.2889,1.348,0.9543,3.2601,1.3847,0.0054,0.073,0.2277,2.8167,0.3293,0.0188,0.0105,0.1329,0.0917,0.2251,0.64915,0.328693,0.542429,0.573427,0.384193
3591,uga,2001,primaryagr,2410.58,2.9207,1.4033,116.966,70.6304,3.8296,0.5233,0.4096,0.0351,0.5179,0.3979,0.0118,0.4919,0.0618,0.2658,2.6588,1.3238,0.2688,16.0319,24.8187,7.9585,0.2068,0.0192,0.0292,0.3068,3.1756,54.8677,primaryagr,314.14,0.1237,0.9159,40.8432,1.6287,3.106,0.0259,0.1986,0.0411,0.1136,0.3607,0.0998,0.5033,0.0306,0.2137,2.5574,0.294,0.01,0.0043,0.959,3.0785,0.2025,0.0024,0.0023,0.0799,0.3351,1.3794,0.956203,0.415594,0.615645,0.578038,0.49742
4023,ben,2004,primaryagr,782.247,0.294,0.0006,203.434,0.3991,9.864,2.047,0.0,4.6889,4.4831,0.0751,0.0022,1.8156,0.0001,0.0001,0.0001,0.0001,0.0139,5.97,0.5956,0.3873,0.8009,-0.0138,0.0098,0.2101,7.7869,5.6539,primaryagr,216.349,0.0969,0.0002,6.6685,0.0379,5.4182,0.1193,0.0,0.8403,0.4644,0.0242,0.0022,1.6063,0.0001,0.0001,0.0001,0.0001,0.0006,0.0372,0.0271,0.1716,0.0618,0.0029,0.0088,0.1223,1.1333,0.0783,0.751643,0.418744,0.513456,0.526929,0.492162
5672,moz,2004,energy,0.5997,1.2089,585.283,0.7727,1.0197,0.2697,0.4055,0.2613,0.6597,0.2935,1.9319,0.1282,395.311,1.0897,0.4356,1.8493,1.0573,3.7268,2.7674,0.0731,3.416,0.307,0.1849,0.1268,0.1775,0.8954,6.6657,energy,0.0727,0.1541,565.964,0.2661,0.0055,0.0556,0.0214,0.0074,0.0307,0.0186,0.5075,0.0216,396.094,1.0899,0.0217,0.2324,0.1367,0.0614,0.0652,0.0181,0.9959,0.0424,0.0083,0.0055,0.1006,0.044,0.1073,0.833959,0.279393,0.50248,0.51584,0.32671
6671,ukr,2004,energy,502.615,479.445,9272.72,702.532,180.317,60.9908,121.481,55.4262,230.62,125.407,1484.75,157.162,3723.22,164.383,293.758,841.304,169.291,33.7951,763.402,213.588,1806.23,35.0388,0.7769,1.3809,212.655,29.6306,1263.89,energy,212.915,465.419,2284.05,426.993,73.4868,50.0412,108.284,46.6329,226.893,114.801,1428.19,144.671,3765.93,165.887,241.54,683.497,92.5458,6.0146,9.4999,32.0142,1638.31,10.4398,1.4561,1.477,87.0912,10.8898,72.8546,0.378372,0.107792,0.237947,0.542234,0.122533
7101,ben,2007,primaryagr,808.777,0.3887,0.0024,228.071,0.4276,112.76,1.5868,0.0,5.9803,4.8333,0.0786,0.0006,3.8646,0.0001,0.0,0.0001,0.0003,0.0142,8.2583,0.5756,0.218,0.826,-0.012,0.0165,0.2419,8.6915,7.2837,primaryagr,174.873,0.1044,0.0001,15.2899,0.0579,108.63,0.1175,0.0,1.1396,0.5169,0.0209,0.0006,3.7371,0.0001,0.0,0.0001,0.0003,0.0009,0.0168,0.0378,0.101,0.064791,0.0059,0.0162,0.1418,1.7941,0.123,0.73815,0.21324,0.385675,0.524606,0.300987
8750,moz,2007,energy,1.3909,0.7836,1119.76,1.1205,0.2771,0.0717,0.1449,0.0637,0.2836,0.0471,0.2867,0.5391,570.863,0.1174,0.1408,0.2666,0.0706,13.468,3.3811,0.2324,8.0832,0.9377,0.7185,0.4596,0.7359,4.1462,29.7481,energy,0.2238,0.1974,1082.9,0.3808,0.0033,0.019,0.0054,0.003,0.0226,0.0345,0.1159,0.1679,571.993,0.1174,0.0576,0.0739,0.0331,0.2774,0.1276,0.0469,2.6152,0.188,0.0552,0.0302,0.4621,0.2559,1.5405,0.736097,0.326431,0.517558,0.517103,0.35734
9928,zmb,2007,distribution,318.326,220.238,73.9112,701.506,44.1642,33.8234,78.7082,17.677,6.3811,3.798,36.9827,4.5823,1264.97,11.4767,16.054,56.6691,6.2597,0.4273,166.722,146.404,15.6128,4.3418,0.3515,0.6779,11.5796,0.6488,214.388,distribution,80.5912,81.5572,11.9002,45.533,1.7753,7.1879,4.2524,2.0287,5.9173,2.6236,27.8345,4.5792,1269.07,11.52,8.9364,46.2903,5.7578,0.0191,0.0439,7.2838,12.0692,1.3633,0.2625,0.6052,2.0653,0.0838,1.348,0.583195,0.002217,0.009381,0.527573,0.002707
13168,zmb,2011,distribution,370.68,200.53,72.96,804.17,48.19,32.17,85.57,19.29,3.65,3.14,103.21,31.21,3934.86,7.64,20.07,202.76,14.83,0.47,240.1,162.66,18.38,4.67,0.39,0.72,13.12,0.66,480.15,distribution,117.03,50.77,11.92,93.38,1.75,2.39,4.24,2.4,3.15,1.82,96.1,31.21,3947.61,7.66,9.62,203.79,15.06,0.02,0.06,7.83,14.82,1.4,0.29,0.64,2.37,0.08,1.44,0.5928,0.0009,0.0062,0.6239,0.0012
